02038838177
02038838178
02038838179
02038836603
02038836604
02038836605
02038836606
02038836607
02038836608
02038836630
02038836631
02038836632
02038836633
02038836634
02038836635
02038836636
02038836637
02038836638
02038836639
02038836640
02038836641
02038836642
02038836643
02038836646
02038836647
02038836648
02038836649
02038836650
02038836655
02038836663
02038836665
02038836666
02038836668
02038836675
02038836676
02038836677
02038836678
02038836679
02038836680
02038836681
02038836682
02038836683
02038836684
02038836685
02038836686
02038836687
02038836688
02038836689
02038836690
02038836691
02038836692
02038836693
02038836694
03303806666
03303807777
03300888899
02038836669